income,expenses,debt,credit_score,loan_amount,loan_approved
50000,20000,10000,700,20000,1
60000,25000,5000,750,15000,1
45000,15000,20000,600,25000,0
70000,30000,7000,800,30000,1
30000,12000,25000,550,10000,0
80000,40000,3000,820,35000,1
40000,18000,15000,620,12000,0
75000,29000,6000,780,28000,1
62000,21000,8000,730,18000,1
54000,23000,11000,710,22000,1
58000,22000,9000,740,19000,1
67000,27000,7000,770,26000,1
49000,17000,12000,690,17000,0
72000,31000,4000,790,31000,1
31000,13000,26000,560,11000,0
85000,41000,2000,830,36000,1
42000,19000,14000,640,13000,0
73000,32000,5000,785,30000,1
59000,24000,7500,720,20000,1
51000,20000,10500,705,21000,1
